32555811
21132264
33646995
31537067
26646455
15068958
25260249
24036144
29795534
3571330
21266531
26825752
15528845
24466583
32535387
24627125
36293111
29906314
25510733
16298339
11352631
28870684
31796433
32374939
31900786
15930094
31096703
30271117
31717470
23064900
30510281
27083311
19633291
33155602
26502054
24495391
30907059
32764823
19820395
3383784
12730239
27745982
12960351
34999176
22528760
34254513
34391019
33605733
23277146
10479405
37343132
28737393
26456483
17400889
25979858
2981518
8860238
11960370
17334779
21545824
26339453
27273121
28457936
32946513
22039262
25037998
30760647
23174956
7576930
31814398
15700548
30725250
25766526
23387072
25851054
11139476
33143349
29039497
28188924
31307409
23142250
32138578
17996028
23558031
30951611
33299528
29903320
11707575
23354303
23076989
28258441
25936991
29956797
32767013
24810171
31234591
30206656
28373900
24170703
27102619
16024610
34674139
28790194
30569096
31129115
31461273
30601545
33293260
24099423
11754638
29573798
29068550
30171947
29461122
35092496
28844481
26915483
24363998
10639140
30719664
12444545
32862611
36153957
36263529
30391672
24492297
27901001
31562979
24030461
31989756
29675963
11807808
22847439
30447218
29441891
18759561
28624471
29223531
30030101
22020089
22989521
16959273
31995979
7735686
33268705
28250190
33050005
27021784
11278727
30320337
29273684
33727094
32660364
26486083
2981602
28501692
21566292
18199973
28145852
26576227
27539524
9302648
22266706
28414158
26476055
27530093
34678578
32023790
32512011
18521083
22033923
29958143
25885653
32811823
25452227
28765155
27429587
16476037
31978092
29351226
25966753
23727581
32999020
35535969
22019504
15525692
35030972
16251047
25815690
20200220
32313135
30553970
23872425
26090715
21416292
30105650
18381429
22562073
20684278
24187848
27077810
26849944
32655764
29402901
29871486
16112405
34468509
10792035
32352466
24069867
2400632
22184331
11087232
30753491
28771580
30957185
29587238
28110191
32019168
21464939
33515348
2981176
29115386
26341692
34740282
28733231
28522335
26537816
25978654
26950484
23023193
30977402
22071088
33716044
8473882
34626932
29094331
15756683
29194611
28648817
28753232
21328587
32589370
19597528
22493042
7980612
28539530
18516096
33706097
10889138
32857080
32167099
18193089
16220783
22948216
27006451
19834646
26801320
32248002
30360616
26247588
24796665
15974530
25842853
12480812
27614618
30071128
32295347
28423543
32895018
18814910
27554596
26648289
26313892
12198653
35686947
23623946
31509411
32320433
30309986
31171598
33605723
22364184
12661767
24597671
31039619
23899616
24917652
25111660
33215883
28466152
1951630
25144187
21732354
12460740
16332237
24706573
16731156
27171670
29620178
33894213
31302791
26433376
30391826
11796002
36597125
18670360
33574236
21925118
23403272
11404469
21599632
10848581
34532978
27939991
29905928
11319756
3164562
26791102
25170823
32898599
8275438
32326385
32478470
16115031
24599717
17706637
32716436
8307371
23968166
10746553
30339007
28343084
27872193
27903425
28946766
29353218
2316639
26991594
30788913
11881110
22943178
21127293
28298541
12080469
26243592
33096924
16766159
18353146
22847181
29768946
28758742
36623354
33518152
20920477
14741686
28865326
23918924
32120244
8746952
27859591
30362587
29466856
24041618
34813774
22864849
18192325
11279232
10642310
26404253
30823534
30342185
31165450
24940030
32004978
26646714
28698767
17163490
14734475
33310039
29175668
16480631
29051087
31385893
27998394
23731245
22112840
30660577
15109982
30518946
6170925
26741806
14699442
20668453
29932157
25776802
26812682
31131946
19520015
33573714
30556847
22858865
34454288
16613674
23593390
26381691
28465088
8741007
33781769
28750561
276640
11087260
32110995
24610348
1150286
33141412
28487960
32630700
33383301
32947930
17651610
36343761
23749899
12115884
16952405
28655653
33932703
28078787
31115540
32652517
21997900
33068964
19443277
12517926
31647492
17516123
32621163
30411198
18248879
28513573
24130728
8894140
25816175
31837296
11710921
33611955
24685678
29286126
23771816
33946068
30260007
36431915
28901448
29627441
28260004
22688014
31292059
27641725
26624249
28069382
12754187
17372681
31153464
33761597
8416921
24336063
35533545
31704714
27094155
27012214
33476627
24398984
25198914
28230744
31728743
31091348
23756138
17088405
23592516
25872738
1375541
16380538
21708241
26049013
28560453
19666099
28992629
30024290
30544760
25274607
29495397
34226415
20432929
28698547
11912056
34740211
24895528
24865672
28314773
30025094
30584276
37523981
30940595
19261744
26124336
30429414
33398418
22252391
15117841
21524829
31989645
26305715
12581156
28106292
15210577
30015918
30129150
29752894
31210338
31176737
31506103
21447859
10417395
29964319
17652167
23525690
26592091
29382536
29518435
23839108
27609226
34197898
36769271
21366703
27888799
24667526
24121007
29794447
28339044
16410403
30235447
26079183
31804189
24781038
32239469
25839158
24415531
11063355
28715128
25189124
26593436
31336817
30575053
9923649
28628905
25529839
28105249
32762376
10444344
24950782
31429458
17346673
26769836
24046186
20655294
32813603
21333438
29410668
34569348
18721845
9407495
25099621
25385104
11453667
31113439
29694408
10887337
31827706
32063256
28089584
35163177
34400143
21402702
36680943
18636244
31165745
31556307
30547464
20223225
26597533
31194955
29264825
22836768
34695510
29855543
35355438
29241092
31072046
31505326
30268890
11724747
26795953
22402764
36770968
24417315
30578379
24412273
27209361
23570914
22528837
22406827
21804205
