33000412
34482088
31105042
33881539
35115492
33631189
32308771
32160546
34415804
34373736
33640304
34965379
35247637
30799221
32699265
35154576
34627266
33741422
33483372
34482070
33915157
36109814
34170581
36210735
32928919
31244955
34593794
35351131
34983546
34027953
34648917
34938072
33113504
32835374
33019767
35855531
34643088
35177209
34831207
33634378
34898184
34262021
33554661
35077153
32155051
32814169
35562364
34229160
34160772
34924133
36055597
32685019
34928015
32231343
33197601
33824419
35867762
37023938
34944434
32077821
34673014
34238297
34549863
34473493
35122867
37607944
34630843
37306000
33176157
34350694
32958404
37462439
31613630
34962017
33566577
34791597
36228518
33121683
31769461
33878610
34523352
34585181
33649848
37060026
32816618
30677556
37178565
37245288
33624647
35953837
37505141
35173188
33675785
36653312
35532958
37220842
30616348
37144959
35705143
31409375
36960609
37070469
30635474
31907052
34110146
36693788
31594301
33615565
34699654
32957040
33318476
32686685
36607799
34672122
32884256
36375351
34646381
31678528