28775962
33022384
34686340
19965467
28438125
26299277
32735984
31844879
31099073
25674816
32603696
16951739
23302685
35130333
30977272
31009148
23684309
24167293
25837248
32470006
35271947
25183734
22837490
34126152
30715550
25910247
24928996
25358860
22317749
33970534
27001539
27955998
26934588
19180118
26352738
18034189
22159898
25829141
25371213
22981600
31586190
31937566
28512145
28074026
14519443
23184526
31655430
23504825
29654064
29746831
19169824
32817457
26676578
28630064
33918753
23357873
26689559
29328525
18005241
25633080
19438515
20375548
20430892
31173258
32801360
22943291
19497950
28720485
33563838
21750675
28675605
29679741
29921669
28396321
24286610
34552584
19617532
26928903
28531220
27997721
24058533
28161108
18497859
26595647
31824869
25287922
26844659
23716698
22879937
29140241
20974832
25552580
26111644
29600196
30872531
30872533
19542001
29021973
23235831
26043674
28980823
24722928
29183333
33037203
33992647
29184850
29937390
23144805
31218775
21805864
22174687
11390463
23729477
24327340
20482230
25538194
31380296
22080193
33591245
21654154
28811347
30348825
7759860
32828915
22419537
21746858
20169203
24211871
28218671
32283626
33573714
30181275
34046027
23405031
33137095
21626303
34861271
26650353
32238569
33378713
32277055
35102528
34022140
24039929
25389180
33139570
29902442
17891455
31237474
29131020
19681908
34635501
27269634
22452361
35968603
19584282
24278450
32776119
11801653
21994253
30531960
27892542
29589006
22966047
21088052
26641098
26153406
33469287
28976590
18509107
23387933
20046221
20944240
26496724
25871797
33715980
30003063
19709124
19846588
30445439
20829608
21570909
22815868
35480082
23364915
22533473
24069284
19438518
27703274
31010630
28993610
30521380
18760477
34612674
20553907
31709831
21339824
24763227
26658919
21858177
29870751
22072970
28377614
24470577
29075619
25719452
34964421
19650828
33376222
21075194
24439896
32223302
19556613
27242973
28325766
28545143
20172045
17582418
20433927
28451521
25610812
31974369
24058462
26731096
30673154
25480294
32396840
18369477
26780191
22420783
24034615
29518189
28911869
21923653
26558717
21737679
19013513
25605768
26618479
30610172
22915070
29922279
30792174
25737084
32390150
22893064
33498438
18757097
28132836
32559360
21220348
24989342
32123346
32209465
20300064
25537831
22216004
26646452
28808162
22321539
32532972
25409235
