29642007
21692746
29408569
24337970
28455246
22804248
33657989
34362880
27855523
34285232
22952424
22926264
33656766
23972545
33508878
25140317
27349166
22194466
33237729
28591705
34037385
26398122
27235608
27253488
24280212
31552695
33000204
30420335
23785504
28534943
29592953
29915309
27732933
27241844
29486738
28683469
32495392
33762321
23481325
23536722
27651484
28129639
33158173
31996991
32106002
29436393
25312253
30352911
32610185
22204817
25253531
32055920
33130472
26152356
18727400
29587825
26956049
21261597
31681329
23953881
23826077
27070705
29124315
