31043744
34717678
31554642
33691090
34811833
32814895
34991659
34093872
33311482
30787033
34593794
35197507
34985903
30830879
32778843
33277233
35778693
32134361
34062295
34396451
33236624
31775041
33547170
32686685
33926261
31980600
31509699

######### COMMUNITY-JOINING N.1 ########

29642007
21692746
29408569
24337970
28455246
22804248
33657989
34362880
27855523
34285232
22952424
22926264
33656766
23972545
33508878
25140317
27349166
22194466
33237729
28591705
34037385
26398122
27235608
27253488
24280212
31552695
33000204
30420335
23785504
28534943
29592953
29915309
27732933
27241844
29486738
28683469
32495392
33762321
23481325
23536722
27651484
28129639
33158173
31996991
32106002
29436393
25312253
30352911
32610185
22204817
25253531
32055920
33130472
26152356
18727400
29587825
26956049
21261597
31681329
23953881
23826077
27070705
29124315

######### COMMUNITY-JOINING N.2 ########

32708306
32446927
23874830
2546761
33408172
31033054
27744450
26325371
27591861
28645610
25769821
23892275
32668192
26010875
29138276
25792811
27612557
11801653
14996711
26545383
30229997
34362635
33475857
32125033
30910577
32112876
25378496
15634644
21242120
32503622
23065091
30496631
31398899
33383488
33227289
25961538
23159058
18660440
33826903
26007644
26580601
32791301
28919254
23238221
32304741
21649487
16263381
19137438
26124089
29208466
26792585
30358211
15574755
33950949
29990575
31377293
17971516
30610794
33802158
30629288
24030154
26549689
25926716
28490807
22443280
31861958
34031618
29129468
29567101
32603819
29559471
31828466
22139542
18561330
27391155
34866381
32687921
25818165
25128467
26116776
19846588
27050525
23645590
31077779
29458146
26686468
34610415
11390463
30003730
23708970
23151917
14519443
27901493
25998538
32164676
29289836
30989669
30469147
24741074
7759860
30797236
32013230
33984457
15385934
25834399
23364915
22505595
30042494
25909282
25981922
21048307
31830478
31454650
33715980
34285767
26902121
30003754
15120628
23956071
35286247
27472346
29154879
26403635
33354908